# %ECSV 0.9
# ---
# datatype:
# - {name: Source_Name, datatype: string}
# - {name: RAJ2000, unit: deg, datatype: float32}
# - {name: DEJ2000, unit: deg, datatype: float32}
# - {name: Pivot_Energy, unit: GeV, datatype: float32, format: '{0:.1f}'}
# - {name: PL_Flux_Density, unit: ph / (cm2 GeV s), datatype: float32, format: '{0:.4e}'}
# - {name: PL_Index, datatype: float32, format: '{0:.4f}'}
# - {name: LP_Flux_Density, unit: ph / (cm2 GeV s), datatype: float32, format: '{0:.4e}'}
# - {name: LP_Index, datatype: float32, format: '{0:.4f}'}
# - {name: LP_Beta, datatype: float32, format: '{0:.6f}'}
# - {name: Redshift, datatype: float32, format: '{0:.3f}'}
# schema: astropy-2.0
Source_Name RAJ2000 DEJ2000 Pivot_Energy PL_Flux_Density PL_Index LP_Flux_Density LP_Index LP_Beta Redshift
J0007.9+4711 1.99315 47.192 17.2 6.2797e-12 3.2076 6.2797e-12 3.2076 0.000760 0.280
J0008.4-2339 2.12429 -23.6514 17.0 3.3234e-12 3.2088 3.3234e-12 3.2088 0.000760 0.147
J0013.8-1855 3.46843 -18.9169 18.9 1.1184e-12 2.4146 1.1184e-12 2.4146 0.002766 0.095
J0018.6+2946 4.65253 29.7821 29.2 6.6751e-13 1.9114 6.6751e-13 1.9114 0.003397 0.100
J0030.2-1648 7.5726 -16.8002 26.4 1.2220e-12 1.6858 1.2220e-12 1.6858 0.002444 2.100
J0030.5-0210 7.64225 -2.18004 11.9 5.7616e-12 3.2094 5.7616e-12 3.2094 0.000759 2.090
J0033.5-1921 8.39293 -19.3575 23.1 8.3639e-12 2.4149 8.3639e-12 2.4149 0.002754 0.610
J0037.8+1239 9.46151 12.6512 19.6 1.4643e-12 3.2118 1.4643e-12 3.2118 0.000757 0.089
J0038.1+0012 9.54031 0.215769 18.8 1.6307e-12 2.4147 1.6307e-12 2.4147 0.002766 0.740
J0041.5+3759 10.3765 37.9957 31.6 2.9695e-13 2.0505 2.9695e-13 2.0505 0.003228 0.380
J0043.8+3425 10.9658 34.4225 20.6 5.4743e-12 3.1049 5.4743e-12 3.1049 0.001445 0.966
J0047.0+5657 11.7746 56.9578 18.0 2.1481e-12 3.2091 2.1481e-12 3.2091 0.000759 0.747
J0047.9+3947 11.9766 39.7896 21.4 1.6238e-12 3.1060 1.6238e-12 3.1060 0.001445 0.252
J0049.7+0238 12.4465 2.64441 16.9 2.1070e-12 3.2094 2.1070e-12 3.2094 0.000760 1.474
J0050.7-0929 12.6821 -9.49458 17.0 9.7375e-12 3.2079 9.7375e-12 3.2079 0.000760 0.635
J0051.0-0647 12.7525 -6.79584 12.7 4.1183e-12 3.2095 4.1183e-12 3.2095 0.000759 1.975
J0056.3-0936 14.0954 -9.6166 29.1 9.6936e-13 2.4148 9.6936e-13 2.4148 0.002764 0.103
J0059.3-0152 14.8387 -1.87475 23.8 7.4571e-13 2.4146 7.4571e-13 2.4146 0.002766 0.144
J0108.7+0135 17.1889 1.59183 14.0 1.3504e-11 3.2087 1.3504e-11 3.2087 0.000760 2.099
J0109.1+1817 17.2915 18.2844 14.5 5.1929e-12 3.2089 5.1929e-12 3.2089 0.000760 0.443
J0109.9-4020 17.497 -40.3402 34.0 3.5324e-13 1.1446 3.5324e-13 1.1446 0.004525 0.313
J0112.1+2245 18.0329 22.7554 17.0 2.2471e-11 3.2035 2.2471e-11 3.2035 0.000760 0.265
J0112.9+3208 18.2371 32.1474 18.1 1.3788e-12 2.4147 1.3788e-12 2.4147 0.002766 0.603
J0113.5+4948 18.382 49.8115 17.9 1.8031e-12 3.2092 1.8031e-12 3.2092 0.000759 0.389
J0114.8+1324 18.7068 13.4044 20.1 2.3103e-12 3.1061 2.3103e-12 3.1061 0.001446 0.583
J0115.8+2519 18.954 25.3285 22.7 2.1603e-12 2.4146 2.1603e-12 2.4146 0.002764 0.358
J0117.7-2109 19.4426 -21.1504 14.1 2.6840e-12 3.2095 2.6840e-12 3.2095 0.000759 1.490
J0118.9-2141 19.7324 -21.6971 15.6 4.8392e-12 3.2091 4.8392e-12 3.2091 0.000759 1.165
J0123.0+3422 20.7671 34.3744 27.6 1.1166e-12 1.5129 1.1166e-12 1.5129 0.003160 0.272
J0123.6-2309 20.9102 -23.1627 32.4 8.4229e-13 1.7558 8.4229e-13 1.7558 0.003696 0.404
J0127.3-0821 21.8311 -8.35744 16.6 1.4518e-12 3.2112 1.4518e-12 3.2112 0.000756 0.360
J0131.1+5546 22.7985 55.7704 15.0 2.1252e-12 3.2090 2.1252e-12 3.2090 0.000760 0.036
J0132.6-1655 23.1594 -16.9219 13.3 5.8871e-12 3.2092 5.8871e-12 3.2092 0.000759 1.020
J0136.9+4751 24.2376 47.8549 15.3 7.1464e-12 3.2085 7.1464e-12 3.2085 0.000760 0.859
J0141.4-0928 25.3547 -9.46848 21.1 2.5988e-12 3.1060 2.5988e-12 3.1060 0.001446 0.730
J0146.8-5203 26.705 -52.0521 16.8 1.5917e-12 3.2092 1.5917e-12 3.2092 0.000759 0.098
J0148.6+0127 27.1667 1.46066 15.6 2.0225e-12 3.2095 2.0225e-12 3.2095 0.000759 0.940
J0151.0+0539 27.7537 5.65464 11.2 4.9187e-12 3.2092 4.9187e-12 3.2092 0.000759 0.300
J0152.6+0147 28.1721 1.78566 24.6 1.9759e-12 2.4147 1.9759e-12 2.4147 0.002762 0.080
J0153.5+7115 28.3967 71.2518 33.6 3.3007e-13 2.1651 3.3007e-13 2.1651 -0.195524 0.022
J0154.0+0823 28.5032 8.38995 17.5 6.6573e-12 3.2084 6.6573e-12 3.2084 0.000760 0.681
J0159.5+1047 29.882 10.7885 18.2 3.0858e-12 3.2087 3.0858e-12 3.2087 0.000760 0.195
J0203.8+3044 30.9555 30.7482 16.8 2.9382e-12 3.2092 2.9382e-12 3.2092 0.000759 0.761
J0208.6+3522 32.1683 35.3804 21.9 7.5856e-13 3.1065 7.5856e-13 3.1065 0.001446 0.318
J0210.6-5100 32.6695 -51.016 14.2 4.6845e-12 3.2091 4.6845e-12 3.2091 0.000759 1.003
J0211.2+1051 32.8143 10.8588 20.1 7.4258e-12 3.2058 7.4258e-12 3.2058 0.000761 0.200
J0213.0+2242 33.259 22.7028 32.1 3.5407e-13 2.0505 3.5407e-13 2.0505 0.003228 0.459
J0214.5+5145 33.6255 51.7606 49.7 2.3076e-13 1.2783 2.3076e-13 1.2783 0.004450 0.049
J0216.4+2315 34.1128 23.2544 23.5 6.6094e-13 2.4146 6.6094e-13 2.4146 0.002766 0.288
J0217.1+0836 34.2759 8.60505 16.5 3.3894e-12 3.2089 3.3894e-12 3.2089 0.000760 0.085
J0217.8+0143 34.4622 1.72569 14.2 1.1699e-11 3.2087 1.1699e-11 3.2087 0.000760 1.715
J0219.1-1723 34.7925 -17.3939 17.7 1.4451e-12 2.4146 1.4451e-12 2.4146 0.002766 0.128
J0221.1+3556 35.285 35.938 19.3 7.7248e-12 3.1042 7.7248e-12 3.1042 0.001445 0.944
J0222.6+4302 35.6663 43.0341 17.3 5.1694e-11 3.1904 5.1694e-11 3.1904 0.000764 0.444
J0227.3+0200 36.8281 2.00265 27.1 7.2019e-13 2.0505 7.2019e-13 2.0505 0.003228 0.457
J0228.2-5545 37.0546 -55.7511 16.7 2.3834e-12 3.2094 2.3834e-12 3.2094 0.000759 2.464
J0231.0-5755 37.7575 -57.9266 27.6 4.0452e-13 2.4146 4.0452e-13 2.4146 0.002766 0.032
J0232.8+2017 38.2236 20.2984 35.8 3.7774e-13 2.0505 3.7774e-13 2.0505 0.003227 0.139
J0236.8-6137 39.2104 -61.6283 17.3 1.4820e-12 3.2094 1.4820e-12 3.2094 0.000759 0.467
J0237.8+2847 39.4624 28.7956 15.2 1.1490e-11 3.2081 1.1490e-11 3.2081 0.000760 1.206
J0238.4-3117 39.6172 -31.2862 28.5 1.3414e-12 2.4147 1.3414e-12 2.4147 0.002762 0.233
J0238.6+1637 39.671 16.6271 17.7 1.2485e-11 3.2072 1.2485e-11 3.2072 0.000760 0.940
J0242.7-0002 40.6759 -0.043137 14.2 2.6087e-12 3.2091 2.6087e-12 3.2091 0.000760 0.003
J0244.4-5819 41.1231 -58.3273 30.4 9.6448e-13 1.6007 9.6448e-13 1.6007 0.003529 0.265
J0246.1-4650 41.5362 -46.8473 15.0 3.6829e-12 3.2093 3.6829e-12 3.2093 0.000759 1.385
J0250.5+1712 42.6482 17.2146 29.7 8.1621e-13 1.9113 8.1621e-13 1.9113 0.003397 0.612
J0252.8-2218 43.208 -22.3155 15.5 6.6434e-12 3.2089 6.6434e-12 3.2089 0.000760 1.419
J0256.4+0334 44.1007 3.5736 18.2 1.5107e-12 3.2119 1.5107e-12 3.2119 0.000757 0.400
J0259.4+0747 44.8585 7.78506 18.9 2.9904e-12 3.1061 2.9904e-12 3.1061 0.001446 0.893
J0303.4-2407 45.8595 -24.125 23.0 9.2274e-12 3.0987 9.2274e-12 3.0987 0.001443 0.266
J0304.5-0055 46.1354 -0.91783 30.5 5.8349e-13 1.4014 5.8349e-13 1.4014 0.004465 0.511
J0308.4+0408 47.1195 4.1336 20.2 1.5950e-12 2.4147 1.5950e-12 2.4147 0.002765 0.029
J0309.0+1029 47.2531 10.4965 15.8 3.4134e-12 3.2092 3.4134e-12 3.2092 0.000759 0.863
J0310.0-6058 47.5079 -60.9749 13.3 4.5238e-12 3.2093 4.5238e-12 3.2093 0.000759 1.479
J0312.8+3614 48.2205 36.2451 34.9 2.9274e-13 1.6845 2.9274e-13 1.6845 0.002436 0.071
J0316.2+0905 49.0552 9.09012 21.9 3.9545e-12 3.1047 3.9545e-12 3.1047 0.001445 0.372
J0316.6+4120 49.1739 41.3348 57.1 1.5866e-13 1.1387 1.5866e-13 1.1387 0.005071 0.019
J0319.8+4130 49.96 41.5123 17.2 5.9668e-11 3.1795 5.9668e-11 3.1795 0.000770 0.018
J0319.8+1845 49.9706 18.754 31.3 1.1417e-12 1.8638 1.1417e-12 1.8638 0.001226 0.190
J0325.4-5635 51.3641 -56.5933 24.3 6.7805e-13 3.1061 6.7805e-13 3.1061 0.001446 0.060
J0325.6-1646 51.4194 -16.7733 25.5 2.3241e-12 2.4147 2.3241e-12 2.4147 0.002761 0.291
J0326.3+0226 51.5861 2.43339 22.4 1.8155e-12 3.1052 1.8155e-12 3.1052 0.001446 0.147
J0333.8+7849 53.4693 78.8292 18.0 2.1504e-12 3.1059 2.1504e-12 3.1059 0.001445 0.400
J0334.2-4008 53.5522 -40.1465 16.0 8.5118e-12 3.2086 8.5118e-12 3.2086 0.000760 1.445
J0334.3+3920 53.5912 39.3384 37.6 2.4531e-13 1.5644 2.4531e-13 1.5644 0.003897 0.021
J0336.4-0348 54.1217 -3.80029 34.8 4.9794e-13 3.2118 4.9794e-13 3.2118 0.000757 0.159
J0338.1-2443 54.5398 -24.7301 29.9 1.2921e-15 -3.4793 1.2921e-15 -3.4793 0.009078 0.251
J0339.2-1736 54.8136 -17.6071 20.9 1.3339e-12 3.2091 1.3339e-12 3.2091 0.000759 0.065
J0339.5-0146 54.875 -1.76826 17.1 3.8887e-12 3.2091 3.8887e-12 3.2091 0.000759 0.850
J0340.6-2120 55.1696 -21.3345 23.2 4.8464e-13 3.1066 4.8464e-13 3.1066 0.001446 0.233
J0342.2+3858 55.5559 38.9791 14.9 1.5285e-12 3.2095 1.5285e-12 3.2095 0.000759 0.945
J0345.1-2353 56.2958 -23.8906 18.0 1.1810e-12 2.4146 1.1810e-12 2.4146 0.002766 0.104
J0349.3-1159 57.3454 -11.9927 44.6 2.7652e-13 2.0261 2.7652e-13 2.0261 0.001922 0.188
J0353.0-6832 58.2623 -68.535 31.1 6.4251e-13 1.9086 6.4251e-13 1.9086 0.003395 0.087
J0356.8-4957 59.2228 -49.9561 17.2 1.3004e-12 3.2095 1.3004e-12 3.2095 0.000759 0.643
J0401.9-2616 60.4916 -26.267 13.6 4.3727e-12 3.2093 4.3727e-12 3.2093 0.000760 1.920
J0403.7-3607 60.9466 -36.1189 12.0 4.6012e-12 3.2095 4.6012e-12 3.2095 0.000758 1.417
J0407.4+0740 61.8652 7.67457 18.1 1.7701e-12 3.1062 1.7701e-12 3.1062 0.001446 1.133
J0416.5-1852 64.1487 -18.8806 18.3 1.3669e-12 2.4147 1.3669e-12 2.4147 0.002767 1.536
J0416.8+0105 64.2136 1.09427 28.0 1.1495e-12 2.4148 1.1495e-12 2.4148 0.002764 0.287
J0423.3-0120 65.8293 -1.3424 16.0 6.9165e-12 3.2087 6.9165e-12 3.2087 0.000760 0.916
J0424.7+0036 66.1993 0.603108 20.4 1.8742e-12 3.1059 1.8742e-12 3.1059 0.001445 0.268
J0428.6-3756 67.1694 -37.9411 14.9 7.0162e-11 3.2001 7.0162e-11 3.2001 0.000761 1.110
J0430.2-2507 67.5675 -25.1256 15.9 2.0316e-12 3.2094 2.0316e-12 3.2094 0.000759 0.516
J0433.6+2905 68.4118 29.0964 19.6 5.8434e-12 3.1050 5.8434e-12 3.1050 0.001445 0.970
J0438.8-4520 69.7126 -45.3468 15.0 1.4986e-12 3.2096 1.4986e-12 3.2096 0.000759 2.017
J0440.3-2457 70.0836 -24.9643 24.8 5.8173e-13 2.4146 5.8173e-13 2.4146 0.002767 0.600
J0442.7-0018 70.6789 -0.315317 15.8 2.6239e-12 3.2091 2.6239e-12 3.2091 0.000759 0.449
J0445.0-6012 71.2572 -60.2143 19.2 9.6929e-13 2.4146 9.6929e-13 2.4146 0.002766 0.097
J0449.4-4350 72.3616 -43.8338 22.9 1.7042e-11 3.0948 1.7042e-11 3.0948 0.001443 0.205
J0455.8-4616 73.9675 -46.2719 12.8 2.6925e-12 3.2095 2.6925e-12 3.2095 0.000759 0.858
J0457.0-2324 74.2573 -23.4115 16.2 3.1373e-11 3.2045 3.1373e-11 3.2045 0.000761 1.003
J0501.2-0159 75.321 -1.99083 14.1 5.2164e-12 3.2094 5.2164e-12 3.2094 0.000759 2.291
J0505.4+0458 76.3623 4.97926 13.5 1.0152e-11 3.2086 1.0152e-11 3.2086 0.000760 0.954
J0505.5+0415 76.3931 4.25548 20.2 1.9411e-12 3.1061 1.9411e-12 3.1061 0.001446 0.424
J0508.0+6737 77.0014 67.6197 33.9 5.1310e-12 1.4239 5.1310e-12 1.4239 0.002138 0.416
J0510.0+1800 77.5211 18.0087 16.3 8.6141e-12 3.2078 8.6141e-12 3.2078 0.000760 0.416
J0516.3+7350 79.091 73.85 25.8 6.3015e-13 2.4147 6.3015e-13 2.4147 0.002765 0.251
J0516.7-6207 79.1758 -62.1259 18.1 3.9912e-12 3.1059 3.9912e-12 3.1059 0.001445 1.300
J0521.7+2112 80.4417 21.2134 18.4 3.2807e-11 3.1917 3.2807e-11 3.1917 0.000762 0.108
J0523.0-3627 80.7534 -36.4575 20.5 2.6544e-12 3.2041 2.6544e-12 3.2041 0.000760 0.056
J0524.5+2838 81.1371 28.6397 25.3 1.0176e-12 1.7368 1.0176e-12 1.7368 0.003679 1.500
J0526.0-0050 81.5012 -0.84949 14.9 2.3702e-12 3.2095 2.3702e-12 3.2095 0.000759 1.200
J0526.1-4830 81.542 -48.5028 14.8 4.2554e-12 3.2092 4.2554e-12 3.2092 0.000759 1.300
J0528.6-5920 82.1619 -59.3486 16.0 2.1879e-12 3.2120 2.1879e-12 3.2120 0.000757 1.130
J0532.7+0732 83.1844 7.537 15.2 9.0206e-12 3.2086 9.0206e-12 3.2086 0.000760 1.254
J0532.8-8326 83.2152 -83.4362 19.4 9.3053e-13 3.1063 9.3053e-13 3.1063 0.001446 0.774
J0533.3+4822 83.3428 48.3727 14.0 5.4028e-12 3.2090 5.4028e-12 3.2090 0.000759 1.160
J0537.8-5718 84.4648 -57.3012 18.5 9.5819e-13 2.4147 9.5819e-13 2.4147 0.002767 1.180
J0538.8-4405 84.7041 -44.0914 14.9 7.2532e-11 3.1986 7.2532e-11 3.1986 0.000761 0.892
J0543.9-5532 85.9833 -55.5385 25.1 4.7805e-12 1.9861 4.7805e-12 1.9861 0.000382 0.273
J0558.1-3838 89.5388 -38.643 19.9 1.8192e-12 3.2091 1.8192e-12 3.2091 0.000759 0.302
J0601.2-7035 90.3012 -70.5935 14.4 3.2291e-12 3.2094 3.2291e-12 3.2094 0.000759 2.409
J0602.0+5316 90.5012 53.2801 21.7 1.5747e-12 3.1053 1.5747e-12 3.1053 0.001446 0.052
J0606.3-4730 91.596 -47.5088 16.1 1.4899e-12 2.4147 1.4899e-12 2.4147 0.002766 0.037
J0608.3-0832 92.0858 -8.53801 14.5 3.0283e-12 3.2094 3.0283e-12 3.2094 0.000759 0.870
J0617.6-1715 94.4162 -17.2589 17.2 4.5371e-12 3.2083 4.5371e-12 3.2083 0.000760 0.098
J0622.4-2606 95.6069 -26.1125 24.1 3.3345e-12 2.4150 3.3345e-12 2.4150 0.002760 0.414
J0622.9+3326 95.7364 33.4395 20.3 4.3531e-12 2.4148 4.3531e-12 2.4148 0.002763 1.062
J0627.1-3528 96.777 -35.4808 25.8 2.4838e-12 2.4115 2.4838e-12 2.4115 0.002743 0.055
J0629.3-1958 97.3373 -19.9763 15.2 8.1970e-12 3.2088 8.1970e-12 3.2088 0.000760 1.724
J0630.9-2406 97.74 -24.1118 16.6 2.1146e-11 3.2063 2.1146e-11 3.2063 0.000760 1.238
J0648.7+1517 102.187 15.2842 33.1 2.6238e-12 1.7401 2.6238e-12 1.7401 0.001137 0.179
J0650.7+2503 102.698 25.0576 22.6 7.1264e-12 2.4146 7.1264e-12 2.4146 0.002755 0.203
J0654.3+5042 103.599 50.706 14.9 4.1232e-12 3.2091 4.1232e-12 3.2091 0.000759 1.253
J0656.2+4235 104.059 42.5956 31.2 3.3662e-13 1.6845 3.3662e-13 1.6845 0.002436 0.059
J0709.7-0255 107.448 -2.93104 17.3 4.2690e-12 3.2089 4.2690e-12 3.2089 0.000760 1.472
J0710.4+5908 107.624 59.1418 22.4 1.4626e-12 2.4147 1.4626e-12 2.4147 0.002762 0.125
J0712.7+5032 108.186 50.5453 22.8 1.2549e-12 3.1059 1.2549e-12 3.1059 0.001445 0.502
J0719.4+3307 109.854 33.1296 16.4 6.1669e-12 3.2085 6.1669e-12 3.2085 0.000760 0.779
J0721.8+7120 110.474 71.342 16.1 6.1102e-11 3.1718 6.1102e-11 3.1718 0.000779 0.127
J0725.2+1425 111.316 14.4244 15.4 9.9995e-12 3.2083 9.9995e-12 3.2083 0.000760 1.038
J0725.8-0056 111.462 -0.940938 23.4 1.5979e-12 2.4147 1.5979e-12 2.4147 0.002765 0.128
J0730.3-1141 112.576 -11.6886 15.6 2.2924e-11 3.2070 2.2924e-11 3.2070 0.000760 1.589
J0730.4+3307 112.608 33.1202 23.5 7.5116e-13 2.4146 7.5116e-13 2.4146 0.002766 0.112
J0738.1+1742 114.533 17.713 18.4 1.6451e-11 3.2035 1.6451e-11 3.2035 0.000760 0.424
J0739.3+0137 114.831 1.62821 18.2 2.9489e-12 3.2089 2.9489e-12 3.2089 0.000760 0.189
J0742.5+5444 115.647 54.7353 17.3 3.0322e-12 3.2089 3.0322e-12 3.2089 0.000760 0.723
J0744.1+7435 116.031 74.5902 25.6 1.1272e-12 2.4146 1.1272e-12 2.4146 0.002763 0.314
J0753.1+5354 118.286 53.9075 18.7 1.8305e-12 3.2089 1.8305e-12 3.2089 0.000760 0.200
J0754.8+4822 118.709 48.3819 19.6 2.0208e-12 2.4147 2.0208e-12 2.4147 0.002765 0.377
J0757.1+0957 119.289 9.96569 28.9 1.1133e-12 1.9872 1.1133e-12 1.9872 0.003256 0.266
J0805.5+7534 121.393 75.5765 22.3 2.7437e-12 3.1029 2.7437e-12 3.1029 0.001444 0.121
J0808.2-0751 122.07 -7.85792 16.1 1.6591e-11 3.2078 1.6591e-11 3.2078 0.000760 1.837
J0809.7+3457 122.43 34.958 38.7 2.9470e-13 1.5643 2.9470e-13 1.5643 0.003896 0.083
J0809.8+5218 122.459 52.3104 22.6 7.8703e-12 3.0970 7.8703e-12 3.0970 0.001443 0.138
J0811.4+0147 122.851 1.78696 19.8 4.0570e-12 3.1059 4.0570e-12 3.1059 0.001445 1.148
J0814.5+2941 123.637 29.6864 21.0 4.0298e-13 3.1239 4.0298e-13 3.1239 0.001412 1.084
J0814.6+6429 123.653 64.4911 19.9 2.1066e-12 3.2086 2.1066e-12 3.2086 0.000760 0.239
J0816.4-1311 124.107 -13.1941 23.8 3.3256e-12 3.1033 3.3256e-12 3.1033 0.001444 0.046
J0816.4+5739 124.109 57.6644 25.1 1.0927e-12 2.4148 1.0927e-12 2.4148 0.002763 0.054
J0816.9+2050 124.236 20.8473 22.4 5.4010e-13 3.1066 5.4010e-13 3.1066 0.001446 0.058
J0818.2+4222 124.562 42.3767 16.2 1.1962e-11 3.2068 1.1962e-11 3.2068 0.000760 0.530
J0820.9+2353 125.234 23.892 24.9 6.7723e-13 1.7272 6.7723e-13 1.7272 0.003710 0.402
J0823.3+4043 125.835 40.723 14.8 1.2650e-12 3.2096 1.2650e-12 3.2096 0.000759 0.866
J0825.7+0311 126.446 3.19459 18.4 1.4349e-12 3.1065 1.4349e-12 3.1065 0.001446 0.506
J0825.9-2229 126.5 -22.4989 18.6 1.1982e-11 3.2062 1.1982e-11 3.2062 0.000761 0.910
J0828.3+4153 127.088 41.8983 32.0 1.6229e-13 2.0833 1.6229e-13 2.0833 0.003289 0.226
J0831.8+0429 127.961 4.49564 14.5 7.1120e-12 3.2081 7.1120e-12 3.2081 0.000760 0.174
J0847.0-2337 131.753 -23.6221 23.7 2.2994e-12 3.1043 2.2994e-12 3.1043 0.001445 0.059
J0847.2+1134 131.808 11.5667 30.3 5.7367e-13 0.6766 5.7367e-13 0.6766 0.005105 0.199
J0849.9+5108 132.494 51.1418 15.6 4.1886e-12 3.2087 4.1886e-12 3.2087 0.000760 0.583
J0850.0-1214 132.52 -12.2388 16.7 2.6369e-12 3.2093 2.6369e-12 3.2093 0.000759 0.566
J0850.6+3454 132.652 34.907 21.0 7.3420e-13 3.1065 7.3420e-13 3.1065 0.001445 0.145
J0854.8+2006 133.712 20.1004 19.1 6.6514e-12 3.2074 6.6514e-12 3.2074 0.000760 0.306
J0903.2+4650 135.807 46.8496 15.8 1.1707e-12 3.2122 1.1707e-12 3.2122 0.000756 1.462
J0908.9+2311 137.238 23.1908 19.9 2.6934e-12 3.2083 2.6934e-12 3.2083 0.000760 0.223
J0909.2+0122 137.318 1.37358 13.7 2.9065e-12 3.2095 2.9065e-12 3.2095 0.000759 1.024
J0909.7-0231 137.445 -2.52846 23.2 5.6705e-13 2.0504 5.6705e-13 2.0504 0.003228 0.957
J0910.5+3329 137.628 33.4887 27.2 1.6452e-12 2.4146 1.6452e-12 2.4146 0.002764 0.354
J0912.4+1555 138.124 15.9303 33.8 5.8409e-13 3.1056 5.8409e-13 3.1056 0.001446 0.212
J0912.9-2103 138.232 -21.0531 29.5 1.3047e-12 2.4146 1.3047e-12 2.4146 0.002763 0.198
J0913.4+8132 138.351 81.549 22.5 5.7012e-13 3.1062 5.7012e-13 3.1062 0.001446 0.639
J0920.8+4442 140.224 44.7012 14.3 4.0436e-12 3.2094 4.0436e-12 3.2094 0.000759 2.186
J0922.5-0528 140.633 -5.48313 18.1 1.3597e-12 2.4147 1.3597e-12 2.4147 0.002767 0.974
J0926.4+5411 141.6 54.186 27.2 2.8335e-13 2.0504 2.8335e-13 2.0504 0.003228 0.850
J0930.4+4952 142.624 49.8755 29.5 3.5117e-13 2.4146 3.5117e-13 2.4146 0.002766 0.187
J0932.1+6736 143.041 67.614 14.9 1.5358e-12 3.2092 1.5358e-12 3.2092 0.000759 0.023
J0940.5+6149 145.141 61.818 28.3 3.2032e-13 2.0504 3.2032e-13 2.0504 0.003228 0.211
J0946.2+0104 146.563 1.07264 17.8 2.1291e-12 3.2093 2.1291e-12 3.2093 0.000759 0.577
J0946.5+1017 146.634 10.286 21.5 7.7976e-13 2.4147 7.7976e-13 2.4147 0.002767 1.007
J0950.3+4553 147.576 45.892 26.8 6.9158e-13 2.0495 6.9158e-13 2.0495 0.003228 0.399
J0952.3+7502 148.084 75.0465 31.7 3.8513e-13 1.0443 3.8513e-13 1.0443 0.004632 0.181
J0954.2+4912 148.567 49.2141 24.6 8.2359e-13 2.4146 8.2359e-13 2.4146 0.002766 0.380
J0957.6+5523 149.422 55.3863 18.2 2.0046e-11 3.2041 2.0046e-11 3.2041 0.000760 0.896
J0958.7+6533 149.693 65.5652 19.4 3.8114e-12 3.2073 3.8114e-12 3.2073 0.000760 0.367
J1001.2+2910 150.313 29.1705 17.7 1.8690e-12 3.2093 1.8690e-12 3.2093 0.000759 0.558
J1006.7-2158 151.682 -21.9785 17.8 1.7988e-12 3.2092 1.7988e-12 3.2092 0.000760 0.330
J1006.9+3455 151.75 34.9211 21.2 6.6592e-13 3.1067 6.6592e-13 3.1067 0.001446 0.612
J1008.0+0622 152.004 6.37363 18.8 2.4391e-12 3.2092 2.4391e-12 3.2092 0.000759 0.650
J1010.2-3119 152.566 -31.317 41.7 7.7275e-13 1.4100 7.7275e-13 1.4100 0.004465 0.143
J1012.2+0630 153.068 6.50482 16.9 3.1748e-12 3.2092 3.1748e-12 3.2092 0.000759 0.727
J1012.6+4228 153.173 42.483 27.6 6.0963e-13 2.0513 6.0963e-13 2.0513 0.003223 0.365
J1015.0+4926 153.769 49.4354 23.7 1.9605e-11 2.1097 1.9605e-11 2.1097 -0.055260 0.212
J1016.0+0512 154.004 5.20523 17.3 4.8970e-12 3.2089 4.8970e-12 3.2089 0.000760 1.714
J1026.9+0608 156.74 6.14201 26.1 4.9111e-13 2.4147 4.9111e-13 2.4147 0.002767 0.449
J1027.5+6317 156.889 63.2928 18.9 1.3327e-12 3.1060 1.3327e-12 3.1060 0.001446 0.582
J1031.2+7442 157.821 74.711 39.5 3.2501e-13 1.3970 3.2501e-13 1.3970 0.004281 0.123
J1032.7+3737 158.197 37.6211 23.4 7.5467e-13 2.4147 7.5467e-13 2.4147 0.002766 0.528
J1033.1+4118 158.289 41.3136 14.2 1.5260e-12 3.2121 1.5260e-12 3.2121 0.000756 1.117
J1034.0+6051 158.509 60.8632 14.8 9.5323e-12 3.2083 9.5323e-12 3.2083 0.000760 1.401
J1041.7+3900 160.442 39.0097 17.4 8.8003e-13 3.1066 8.8003e-13 3.1066 0.001446 0.210
J1043.1+2409 160.776 24.1554 17.6 1.4300e-12 3.1066 1.4300e-12 3.1066 0.001445 0.560
J1051.4+3942 162.858 39.7067 20.5 1.2636e-12 3.1064 1.2636e-12 3.1064 0.001445 0.498
J1053.6+4930 163.401 49.5053 29.7 6.7398e-13 1.6836 6.7398e-13 1.6836 0.002439 0.140
J1057.8-2753 164.456 -27.8948 25.8 7.1770e-13 2.4146 7.1770e-13 2.4146 0.002766 0.091
J1058.4+0133 164.618 1.56108 17.0 1.2118e-11 3.2069 1.2118e-11 3.2069 0.000760 0.890
J1058.5-8005 164.649 -80.0997 15.4 3.7545e-12 3.2089 3.7545e-12 3.2089 0.000760 0.569
J1058.6+5628 164.665 56.4683 22.6 4.5567e-12 3.1009 4.5567e-12 3.1009 0.001444 0.143
J1100.3+4020 165.08 40.3358 18.9 1.9053e-12 3.2090 1.9053e-12 3.2090 0.000759 0.225
J1103.1+1156 165.778 11.9365 18.8 9.4267e-13 3.1067 9.4267e-13 3.1067 0.001446 0.914
J1103.6-2328 165.901 -23.482 41.7 5.5858e-13 1.3338 5.5858e-13 1.3338 0.004251 0.186
J1104.4+3812 166.121 38.2052 19.9 1.5069e-10 1.7786 1.5069e-10 1.7786 0.076906 0.030
J1105.8+3944 166.454 39.749 15.9 1.2526e-12 3.2119 1.2526e-12 3.2119 0.000757 0.099
J1107.8+1501 166.966 15.0273 17.5 2.2727e-12 3.2092 2.2727e-12 3.2092 0.000760 0.600
J1109.3+2412 167.336 24.209 22.0 7.9910e-13 2.4147 7.9910e-13 2.4147 0.002767 1.221
J1109.7+3735 167.431 37.5881 23.5 5.2551e-13 2.4147 5.2551e-13 2.4147 0.002767 0.397
J1117.0+2014 169.268 20.2381 29.7 1.9632e-12 1.9873 1.9632e-12 1.9873 0.003254 0.138
J1119.8-3047 169.961 -30.7914 27.0 3.2832e-13 2.4112 3.2832e-13 2.4112 0.002809 0.412
J1120.8+4212 170.201 42.2017 25.4 4.2837e-12 2.4149 4.2837e-12 2.4149 0.002752 0.124
J1125.5-3556 171.393 -35.9491 25.6 1.0499e-12 2.4147 1.0499e-12 2.4147 0.002765 0.284
J1125.9-0743 171.482 -7.71957 24.8 4.9211e-13 2.4147 4.9211e-13 2.4147 0.002767 0.279
J1127.0-1857 171.76 -18.9591 17.8 1.2793e-11 3.2073 1.2793e-11 3.2073 0.000760 1.048
J1131.6+5809 172.906 58.1656 18.1 1.1959e-12 3.2093 1.1959e-12 3.2093 0.000759 0.360
J1132.7+0033 173.184 0.562603 18.7 4.6486e-12 3.2089 4.6486e-12 3.2089 0.000760 1.223
J1136.4+6737 174.121 67.6183 25.0 1.3439e-12 2.4147 1.3439e-12 2.4147 0.002762 0.136
J1136.5+7009 174.131 70.1526 29.9 1.9962e-12 1.9875 1.9962e-12 1.9875 0.003251 0.045
J1136.8+2549 174.219 25.8328 31.4 5.0849e-13 2.0505 5.0849e-13 2.0505 0.003227 0.156
J1137.8-1710 174.472 -17.1713 19.2 1.8835e-12 2.4147 1.8835e-12 2.4147 0.002766 0.600
J1140.5+1528 175.132 15.48 28.4 6.1859e-13 2.0505 6.1859e-13 2.0505 0.003227 0.244
J1142.0+1546 175.517 15.7769 18.3 1.3873e-12 3.1065 1.3873e-12 3.1065 0.001445 0.299
J1143.1+6121 175.798 61.3529 16.8 1.4478e-12 3.2091 1.4478e-12 3.2091 0.000759 0.049
J1145.0+1935 176.268 19.5903 41.7 2.1494e-13 1.1102 2.1494e-13 1.1102 0.005268 0.022
J1147.0-3812 176.775 -38.2061 21.6 2.1210e-12 2.4146 2.1210e-12 2.4146 0.002765 1.048
J1150.3+2418 177.588 24.3008 15.6 3.7731e-12 3.2089 3.7731e-12 3.2089 0.000760 0.200
J1151.5-1347 177.898 -13.7901 20.7 1.3250e-12 2.4147 1.3250e-12 2.4147 0.002766 0.838
J1153.2+4929 178.322 49.4926 16.3 1.0787e-12 3.2120 1.0787e-12 3.2120 0.000757 0.334
J1154.0+4038 178.522 40.639 23.0 6.5224e-13 2.4147 6.5224e-13 2.4147 0.002767 0.916
J1154.1-0010 178.526 -0.180381 20.3 2.3556e-12 3.1059 2.3556e-12 3.1059 0.001445 0.254
J1159.1-2140 179.788 -21.6782 15.4 1.6893e-12 3.2094 1.6893e-12 3.2094 0.000760 0.617
J1159.5+2914 179.88 29.237 16.5 1.0653e-11 3.2076 1.0653e-11 3.2076 0.000760 0.729
J1203.1+6030 180.781 60.5122 26.1 6.1703e-13 2.4146 6.1703e-13 2.4146 0.002765 0.065
J1204.2-0709 181.072 -7.1537 22.0 1.6365e-12 3.1060 1.6365e-12 3.1060 0.001446 0.184
J1208.1+6120 182.043 61.3406 17.3 8.0123e-13 3.2120 8.0123e-13 3.2120 0.000757 0.275
J1209.3+4118 182.348 41.3124 18.9 2.0706e-12 2.4154 2.0706e-12 2.4154 0.002765 1.336
J1209.9+1809 182.476 18.1659 22.0 7.5237e-13 2.4147 7.5237e-13 2.4147 0.002767 0.845
J1213.0+5128 183.252 51.4789 28.7 3.4872e-13 1.6832 3.4872e-13 1.6832 0.002440 0.796
J1213.2-2618 183.317 -26.3034 20.0 1.3095e-12 2.4146 1.3095e-12 2.4146 0.002766 0.278
J1215.1+5002 183.793 50.0411 18.3 2.0170e-12 2.4149 2.0170e-12 2.4149 0.002765 1.381
J1216.0-0242 184.019 -2.71377 19.1 9.9089e-13 2.4147 9.9089e-13 2.4147 0.002767 0.359
J1217.9+3006 184.477 30.1148 22.1 1.2584e-11 3.0952 1.2584e-11 3.0952 0.001443 0.130
J1218.0-0028 184.52 -0.478239 16.8 1.9698e-12 3.2094 1.9698e-12 3.2094 0.000759 0.419
J1219.7-0312 184.927 -3.21292 23.7 8.3834e-13 3.1065 8.3834e-13 3.1065 0.001445 0.299
J1220.2+7103 185.052 71.0553 17.0 1.8634e-12 3.2091 1.8634e-12 3.2091 0.000760 0.451
J1221.3+3010 185.337 30.1669 22.2 1.1433e-11 1.7530 1.1433e-11 1.7530 0.000865 0.184
J1221.5+2813 185.385 28.2321 22.0 3.2998e-12 3.1037 3.2998e-12 3.1037 0.001445 0.102
J1224.4+2436 186.109 24.607 29.0 1.9481e-12 1.9874 1.9481e-12 1.9874 0.003254 0.219
J1224.9+2122 186.227 21.3819 18.6 2.0811e-11 3.2018 2.0811e-11 3.2018 0.000760 0.434
J1226.9-1328 186.745 -13.4675 21.0 1.5063e-12 2.4147 1.5063e-12 2.4147 0.002766 0.456
J1227.1-4436 186.8 -44.614 20.9 6.7975e-13 3.1065 6.7975e-13 3.1065 0.001446 0.110
J1229.2+0201 187.304 2.02499 14.6 3.9679e-12 3.2089 3.9679e-12 3.2089 0.000760 0.158
J1230.8+1223 187.703 12.3889 32.7 9.5737e-13 1.9106 9.5737e-13 1.9106 0.003391 0.004
J1231.4+1422 187.866 14.368 24.3 9.0967e-13 2.4146 9.0967e-13 2.4146 0.002766 0.256
J1231.6+6415 187.905 64.2663 27.4 3.6395e-13 2.0505 3.6395e-13 2.0505 0.003228 0.163
J1231.7+2847 187.938 28.7929 19.8 5.6310e-12 3.2074 5.6310e-12 3.2074 0.000760 0.236
J1239.6+0443 189.91 4.72064 15.7 3.5930e-12 3.2093 3.5930e-12 3.2093 0.000760 1.761
J1243.0+7316 190.767 73.2743 46.6 1.3313e-13 1.6160 1.3313e-13 1.6160 0.004802 0.075
J1243.2+3627 190.802 36.4622 23.0 6.0922e-12 2.4147 6.0922e-12 2.4147 0.002760 1.065
J1246.6-2548 191.672 -25.8074 14.5 1.4435e-11 3.2075 1.4435e-11 3.2075 0.000760 0.635
J1247.0+4421 191.752 44.3524 18.9 1.3454e-12 3.1060 1.3454e-12 3.1060 0.001445 0.600
J1253.6-3934 193.422 -39.5732 18.7 1.0661e-12 3.2094 1.0661e-12 3.2094 0.000759 0.179
J1253.7+0328 193.447 3.47301 25.5 7.5989e-13 2.4146 7.5989e-13 2.4146 0.002766 0.066
J1253.9+6242 193.477 62.7134 23.1 6.0091e-13 1.7275 6.0091e-13 1.7275 0.003683 0.868
J1254.4+2210 193.606 22.1826 19.0 1.1634e-12 3.2120 1.1634e-12 3.2120 0.000757 0.509
J1256.1-0547 194.044 -5.79459 17.3 2.2078e-11 3.2049 2.2078e-11 3.2049 0.000760 0.536
J1256.2-1146 194.064 -11.7807 24.8 1.2028e-12 3.1054 1.2028e-12 3.1054 0.001445 0.058
J1258.3+6121 194.582 61.3666 15.7 1.1461e-12 3.2094 1.1461e-12 3.2094 0.000759 0.224
J1258.8-2218 194.712 -22.3145 15.3 3.2549e-12 3.2094 3.2549e-12 3.2094 0.000759 1.303
J1259.0-2311 194.765 -23.1905 20.3 1.3652e-12 3.2093 1.3652e-12 3.2093 0.000759 0.481
J1303.0+2435 195.762 24.5915 16.9 3.5806e-12 3.2091 3.5806e-12 3.2091 0.000759 0.993
J1309.4+4305 197.371 43.086 21.6 3.8103e-12 2.4147 3.8103e-12 2.4147 0.002762 0.691
J1310.3-1158 197.58 -11.9714 24.9 8.0273e-13 2.4144 8.0273e-13 2.4144 0.002765 0.140
J1310.5+3221 197.649 32.351 15.3 7.6172e-12 3.2086 7.6172e-12 3.2086 0.000760 0.997
J1312.6+4828 198.157 48.4778 19.8 3.7620e-12 3.1050 3.7620e-12 3.1050 0.001445 0.501
J1315.0-4237 198.772 -42.6218 30.8 7.8525e-13 2.0399 7.8525e-13 2.0399 0.003222 0.105
J1316.0-3337 199.018 -33.6207 18.7 2.3450e-12 3.2093 2.3450e-12 3.2093 0.000759 1.210
J1319.5+1404 199.896 14.0706 14.8 2.9344e-12 2.4147 2.9344e-12 2.4147 0.002766 0.573
J1321.2+2217 200.302 22.2879 14.6 3.5528e-12 3.2093 3.5528e-12 3.2093 0.000759 0.943
J1332.0-0510 203.022 -5.17268 13.9 4.4058e-12 3.2094 4.4058e-12 3.2094 0.000759 2.150
J1332.5-1256 203.14 -12.9398 15.2 4.2930e-12 3.2093 4.2930e-12 3.2093 0.000759 1.498
J1333.7+5056 203.426 50.9395 19.2 1.0712e-12 2.4149 1.0712e-12 2.4149 0.002766 1.362
J1335.3-2950 203.847 -29.8467 28.2 9.2592e-13 3.2092 9.2592e-13 3.2092 0.000759 0.513
J1337.7-1257 204.438 -12.9548 16.8 2.2975e-12 3.2091 2.2975e-12 3.2091 0.000759 0.539
J1340.5+4410 205.13 44.1807 27.7 4.1007e-13 2.4146 4.1007e-13 2.4146 0.002766 0.546
J1341.2+3959 205.313 39.9897 28.8 5.0634e-13 1.7272 5.0634e-13 1.7272 0.003709 0.172
J1344.2-1723 206.053 -17.3927 12.6 1.0522e-11 3.2090 1.0522e-11 3.2090 0.000760 2.490
J1345.5+4452 206.382 44.8825 15.2 1.6672e-11 3.2078 1.6672e-11 3.2078 0.000760 2.534
J1359.8-3744 209.969 -37.7499 28.3 9.2665e-13 2.4147 9.2665e-13 2.4147 0.002765 0.334
J1402.6+1559 210.654 15.984 23.1 6.2431e-13 2.4146 6.2431e-13 2.4146 0.002766 0.244
J1404.8+6555 211.216 65.9187 26.0 7.2210e-13 1.7339 7.2210e-13 1.7339 0.003719 0.363
J1404.9+0401 211.233 4.02896 27.9 6.1220e-13 2.0401 6.1220e-13 2.0401 0.003225 0.344
J1408.9-0751 212.237 -7.86636 16.6 2.9362e-12 3.2092 2.9362e-12 3.2092 0.000759 1.493
J1411.8+5249 212.965 52.8229 24.4 4.2527e-13 2.4146 4.2527e-13 2.4146 0.002766 0.076
J1415.6+4830 213.915 48.5152 24.1 1.3133e-12 2.4148 1.3133e-12 2.4148 0.002757 0.496
J1416.1-2417 214.031 -24.2922 20.9 8.5213e-13 3.1065 8.5213e-13 3.1065 0.001446 0.136
J1418.0+2543 214.501 25.7291 31.5 7.0232e-13 1.9870 7.0232e-13 1.9870 0.003257 0.237
J1419.4+0444 214.868 4.74528 15.5 2.2109e-12 3.2092 2.2109e-12 3.2092 0.000759 0.143
J1419.7+5423 214.947 54.3907 21.1 7.9805e-13 3.2119 7.9805e-13 3.2119 0.000757 0.153
J1422.6+5801 215.654 58.0189 22.3 1.0832e-12 2.4147 1.0832e-12 2.4147 0.002766 0.635
J1427.9-4206 216.982 -42.1082 13.7 1.0448e-10 3.1986 1.0448e-10 3.1986 0.000761 1.522
J1428.5+4240 217.136 42.672 29.8 1.5717e-12 2.4148 1.5717e-12 2.4148 0.002760 0.129
J1435.5+2021 218.876 20.3645 15.8 1.8258e-12 3.2094 1.8258e-12 3.2094 0.000759 0.748
J1439.3+3931 219.829 39.523 23.0 1.0400e-12 2.4147 1.0400e-12 2.4147 0.002766 0.344
J1440.9+0610 220.234 6.17513 17.6 2.2088e-12 3.2092 2.2088e-12 3.2092 0.000759 0.396
J1442.8+1200 220.71 12.0031 27.2 9.3210e-13 2.4148 9.3210e-13 2.4148 0.002764 0.163
J1443.5+2515 220.897 25.2639 27.8 3.2312e-13 2.4147 3.2312e-13 2.4147 0.002767 0.529
J1443.9+2502 220.984 25.0443 17.2 7.8929e-12 3.2082 7.8929e-12 3.2082 0.000760 0.939
J1443.9-3908 220.995 -39.1438 23.9 6.8864e-12 3.0980 6.8864e-12 3.0980 0.001443 0.065
J1449.5+2745 222.385 27.7563 29.4 2.7247e-13 1.6844 2.7247e-13 1.6844 0.002436 0.227
J1450.9+5202 222.73 52.0377 14.5 3.0134e-12 3.2094 3.0134e-12 3.2094 0.000759 2.471
J1451.2+6355 222.82 63.9308 33.8 4.4257e-13 1.1342 4.4257e-13 1.1342 0.004453 0.650
J1457.5-3538 224.382 -35.6478 15.2 4.8141e-12 3.2091 4.8141e-12 3.2091 0.000759 1.424
J1458.7+3722 224.695 37.368 13.4 2.0894e-12 3.2094 2.0894e-12 3.2094 0.000759 0.333
J1500.9+2238 225.248 22.6402 21.5 1.9657e-12 3.1057 1.9657e-12 3.1057 0.001445 0.235
J1503.3+4758 225.838 47.9735 26.9 3.6338e-13 2.4146 3.6338e-13 2.4146 0.002766 0.344
J1504.3+1030 226.087 10.5023 15.4 2.5220e-11 3.2067 2.5220e-11 3.2067 0.000760 1.839
J1506.0+3732 226.523 37.5425 14.4 1.7392e-12 3.2120 1.7392e-12 3.2120 0.000757 0.673
J1506.7+0813 226.691 8.2188 22.9 2.0164e-12 3.1058 2.0164e-12 3.1058 0.001445 0.376
J1507.2+1722 226.825 17.3677 15.6 3.2197e-12 3.2091 3.2197e-12 3.2091 0.000759 0.565
J1508.7+2708 227.188 27.1442 25.7 5.1341e-13 2.4146 5.1341e-13 2.4146 0.002766 0.270
J1509.8+5556 227.45 55.941 18.8 1.5273e-12 2.4149 1.5273e-12 2.4149 0.002766 1.680
J1512.1-2254 228.041 -22.9147 17.0 3.5094e-12 3.2088 3.5094e-12 3.2088 0.000760 0.315
J1512.2+0203 228.072 2.06037 18.2 2.1984e-12 3.1060 2.1984e-12 3.1060 0.001445 0.220
J1512.8-0906 228.208 -9.10764 18.0 3.3594e-11 3.1967 3.3594e-11 3.1967 0.000761 0.360
J1517.6-2422 229.42 -24.3669 22.3 6.1670e-12 3.0998 6.1670e-12 3.0998 0.001444 0.048
J1517.7+6525 229.445 65.4213 21.7 2.4560e-12 3.1055 2.4560e-12 3.1055 0.001445 0.702
J1518.5+4044 229.645 40.7399 18.2 1.0470e-12 3.2093 1.0470e-12 3.2093 0.000759 0.065
J1522.1+3144 230.547 31.7385 14.9 1.7695e-11 3.2078 1.7695e-11 3.2078 0.000760 1.489
J1522.6-2731 230.659 -27.5212 17.9 2.6757e-12 2.4147 2.6757e-12 2.4147 0.002766 1.297
J1530.9+5736 232.739 57.6013 17.8 1.2765e-12 3.2095 1.2765e-12 3.2095 0.000759 1.100
J1531.9+3016 232.986 30.2732 20.4 8.0712e-13 3.1064 8.0712e-13 3.1064 0.001446 0.065
J1533.2+1855 233.314 18.9307 28.4 6.9603e-13 2.0505 6.9603e-13 2.0505 0.003227 0.307
J1534.8+0131 233.712 1.52661 23.1 7.2185e-13 2.4149 7.2185e-13 2.4149 0.002766 1.428
J1534.9+5320 233.739 53.3373 28.9 8.0178e-13 3.2092 8.0178e-13 3.2092 0.000759 0.890
J1539.8+2744 234.959 27.7411 23.6 7.1133e-13 2.0403 7.1133e-13 2.0403 0.003225 2.196
J1540.7+1448 235.195 14.8157 33.3 3.9053e-13 0.4745 3.9053e-13 0.4745 0.004707 0.605
J1543.0+6129 235.756 61.4979 17.0 1.8293e-11 3.2038 1.8293e-11 3.2038 0.000760 0.507
J1543.6+0452 235.9 4.87997 22.0 1.2701e-12 3.1060 1.2701e-12 3.1060 0.001445 0.040
J1554.2+2010 238.571 20.1771 42.9 1.7293e-13 0.1714 1.7293e-13 0.1714 0.008183 0.222
J1558.8+5626 239.722 56.4434 17.1 2.7604e-12 3.2087 2.7604e-12 3.2087 0.000760 0.300
J1558.8-6432 239.723 -64.5397 22.3 2.5652e-12 3.1037 2.5652e-12 3.1037 0.001445 0.080
J1603.8+1103 240.951 11.0573 21.4 6.7090e-13 2.4146 6.7090e-13 2.4146 0.002766 0.143
J1603.8+5010 240.959 50.1669 24.1 5.4018e-13 2.0401 5.4018e-13 2.0401 0.003225 0.621
J1606.2+5629 241.563 56.4957 24.0 5.8441e-13 2.4146 5.8441e-13 2.4146 0.002766 0.450
J1607.0+1550 241.756 15.8357 16.0 3.2101e-12 3.2090 3.2101e-12 3.2090 0.000759 0.496
J1613.6+3411 243.421 34.194 15.0 3.2752e-12 2.4149 3.2752e-12 2.4149 0.002765 1.399
J1615.4+4711 243.867 47.1952 16.5 1.2774e-12 3.2093 1.2774e-12 3.2093 0.000759 0.199
J1618.1-7717 244.539 -77.2917 15.1 1.8580e-12 3.2095 1.8580e-12 3.2095 0.000759 1.710
J1625.8-2527 246.454 -25.4568 16.0 6.9066e-12 3.2084 6.9066e-12 3.2084 0.000760 0.786
J1626.2+3515 246.575 35.2623 26.8 1.0552e-12 3.2090 1.0552e-12 3.2090 0.000759 0.497
J1629.0+7707 247.256 77.1271 18.8 1.4918e-12 3.1061 1.4918e-12 3.1061 0.001446 0.400
J1632.2+8232 248.066 82.5497 16.4 1.1258e-12 3.2092 1.1258e-12 3.2092 0.000759 0.024
J1635.2+3808 248.823 38.1393 12.7 1.8375e-11 3.2075 1.8375e-11 3.2075 0.000760 1.814
J1637.7+4716 249.433 47.2696 14.8 2.5264e-12 3.2093 2.5264e-12 3.2093 0.000759 0.735
J1640.6+3945 250.155 39.7626 13.8 6.9139e-12 3.2090 6.9139e-12 3.2090 0.000759 1.660
J1642.9+3948 250.735 39.8149 22.9 1.2332e-12 2.4146 1.2332e-12 2.4146 0.002766 0.593
J1643.5-0646 250.891 -6.77751 31.7 4.3712e-13 1.6845 4.3712e-13 1.6845 0.002436 0.082
J1647.6+4950 251.902 49.8462 18.9 1.3988e-12 3.2090 1.3988e-12 3.2090 0.000759 0.047
J1652.7+4024 253.194 40.4034 19.9 9.8448e-13 2.4147 9.8448e-13 2.4147 0.002766 0.240
J1653.8+3945 253.471 39.7582 21.1 4.1736e-11 1.8862 4.1736e-11 1.8862 0.000788 0.033
J1657.8+4808 254.469 48.1458 16.4 2.0324e-12 3.2094 2.0324e-12 3.2094 0.000760 1.669
J1700.1+6831 255.043 68.5171 17.6 1.9609e-12 3.2089 1.9609e-12 3.2089 0.000760 0.301
J1703.6-6212 255.909 -62.2154 13.2 4.2448e-12 3.2093 4.2448e-12 3.2093 0.000760 1.755
J1704.2+1234 256.055 12.5788 15.7 1.3222e-12 3.2095 1.3222e-12 3.2095 0.000759 0.400
J1709.5+4318 257.385 43.3026 19.2 2.2324e-12 2.4146 2.2324e-12 2.4146 0.002766 1.027
J1716.1+6835 259.037 68.5895 16.0 1.2402e-12 3.1062 1.2402e-12 3.1062 0.001446 0.777
J1719.2+1745 259.808 17.7576 16.9 5.9986e-12 3.2076 5.9986e-12 3.2076 0.000760 0.137
J1722.7+1014 260.686 10.2413 22.2 1.1973e-12 3.1063 1.1973e-12 3.1063 0.001446 0.732
J1725.4+5851 261.356 58.8637 18.9 9.6894e-13 2.4147 9.6894e-13 2.4147 0.002766 0.297
J1728.3+5013 262.09 50.222 27.4 4.0254e-12 1.9139 4.0254e-12 1.9139 0.021728 0.055
J1730.7+0022 262.682 0.37755 13.5 5.5364e-12 3.2092 5.5364e-12 3.2092 0.000759 1.335
J1730.8+3715 262.706 37.2592 16.2 1.7171e-12 3.2092 1.7171e-12 3.2092 0.000759 0.204
J1733.0-1304 263.251 -13.0692 15.6 8.5111e-12 3.2083 8.5111e-12 3.2083 0.000760 0.902
J1734.4+3858 263.61 38.9754 17.4 1.6038e-12 3.2094 1.6038e-12 3.2094 0.000759 0.976
J1739.4+4955 264.872 49.9169 17.8 1.5339e-12 3.1063 1.5339e-12 3.1063 0.001446 1.545
J1740.0+4737 265.012 47.6211 16.7 1.1689e-12 3.2095 1.1689e-12 3.2095 0.000759 0.952
J1740.4+5210 265.125 52.1707 15.6 2.9852e-12 3.2093 2.9852e-12 3.2093 0.000759 1.381
J1740.7+5346 265.182 53.7789 15.9 1.1667e-12 3.2095 1.1667e-12 3.2095 0.000758 0.400
J1742.5+5946 265.635 59.7774 21.4 4.7522e-13 3.1066 4.7522e-13 3.1066 0.001446 0.400
J1744.0+1935 266.014 19.5921 23.0 1.5743e-12 2.4146 1.5743e-12 2.4146 0.002764 0.084
J1745.6+3950 266.414 39.8387 30.7 1.7921e-13 2.0991 1.7921e-13 2.0991 0.003053 0.267
J1751.5+0938 267.878 9.63708 16.8 4.2841e-12 3.2085 4.2841e-12 3.2085 0.000760 0.322
J1757.1+7031 269.278 70.5228 37.4 1.5918e-13 0.7905 1.5918e-13 0.7905 0.004779 0.407
J1800.7+7828 270.186 78.4738 17.9 8.1227e-12 3.2068 8.1227e-12 3.2068 0.000760 0.680
J1802.6-3940 270.67 -39.6742 14.3 8.7311e-12 3.2087 8.7311e-12 3.2087 0.000760 1.319
J1806.8+6950 271.7 69.8389 16.9 5.8660e-12 3.2067 5.8660e-12 3.2067 0.000760 0.050
J1813.5+3144 273.396 31.7387 19.1 1.3705e-12 3.2092 1.3705e-12 3.2092 0.000759 0.117
J1824.0+5651 276.007 56.8649 19.4 1.4681e-12 3.1064 1.4681e-12 3.1064 0.001446 0.663
J1824.5+4310 276.142 43.1782 21.5 7.6906e-13 2.4147 7.6906e-13 2.4147 0.002766 0.487
J1829.4+4845 277.355 48.7605 24.3 5.4875e-13 2.4146 5.4875e-13 2.4146 0.002767 0.695
J1833.6-2104 278.413 -21.0683 14.6 1.7214e-11 3.2081 1.7214e-11 3.2081 0.000760 2.507
J1843.4-4835 280.863 -48.5892 16.1 1.6370e-12 3.2093 1.6370e-12 3.2093 0.000759 0.111
J1848.4+6538 282.112 65.6339 23.2 4.0765e-13 2.4147 4.0765e-13 2.4147 0.002767 0.364
J1848.5+3217 282.133 32.2988 17.3 1.7424e-12 3.1061 1.7424e-12 3.1061 0.001446 0.798
J1849.3+6705 282.338 67.0942 16.8 6.2051e-12 3.2079 6.2051e-12 3.2079 0.000760 0.657
J1852.3+4855 283.086 48.9245 16.1 3.3928e-12 3.2091 3.3928e-12 3.2091 0.000759 1.250
J1902.8-6748 285.709 -67.8007 12.1 4.2067e-12 3.2089 4.2067e-12 3.2089 0.000760 0.255
J1911.3-2007 287.847 -20.1315 12.5 7.2524e-12 3.2090 7.2524e-12 3.2090 0.000760 1.119
J1917.7-1921 289.438 -19.3662 26.2 5.9777e-12 1.9632 5.9777e-12 1.9632 0.000078 0.137
J1923.5-2102 290.893 -21.0417 13.8 3.9945e-12 3.2092 3.9945e-12 3.2092 0.000759 0.874
J1924.8-2913 291.218 -29.2221 16.4 3.8975e-12 3.2087 3.8975e-12 3.2087 0.000760 0.353
J1936.9-4720 294.228 -47.3401 25.2 1.9298e-12 2.4147 1.9298e-12 2.4147 0.002761 0.265
J1954.5-1126 298.632 -11.4475 17.0 2.0309e-12 3.1061 2.0309e-12 3.1061 0.001446 0.683
J1958.0-3845 299.505 -38.7565 17.0 1.5130e-12 3.1065 1.5130e-12 3.1065 0.001446 0.630
J1958.3-3011 299.59 -30.1836 26.1 1.7315e-12 2.4147 1.7315e-12 2.4147 0.002761 0.119
J1959.9+6508 299.999 65.1494 28.2 1.0754e-11 1.9170 1.0754e-11 1.9170 0.000859 0.047
J2000.4-1327 300.12 -13.4506 17.9 1.2815e-12 3.2093 1.2815e-12 3.2093 0.000759 0.222
J2000.9-1748 300.243 -17.8041 25.3 1.1866e-12 2.4146 1.1866e-12 2.4146 0.002766 0.652
J2001.5+7039 300.394 70.6647 19.1 1.1169e-12 3.2092 1.1169e-12 3.2092 0.000759 0.254
J2005.9+7753 301.482 77.8857 18.8 2.1792e-12 3.2083 2.1792e-12 3.2083 0.000760 0.342
J2009.4-4849 302.358 -48.8172 28.0 4.2970e-12 2.4150 4.2970e-12 2.4150 0.002747 0.071
J2014.4-0047 303.613 -0.798165 34.8 2.9679e-13 0.6750 2.9679e-13 0.6750 0.005109 0.230
J2014.5+0648 303.642 6.80324 23.1 9.6871e-13 2.4146 9.6871e-13 2.4146 0.002766 0.341
J2016.4-0904 304.11 -9.07381 19.2 3.4111e-12 3.2082 3.4111e-12 3.2082 0.000760 0.367
J2022.5+7614 305.626 76.2362 22.5 8.5428e-13 3.1064 8.5428e-13 3.1064 0.001445 0.594
J2023.3+3154 305.834 31.913 16.6 3.4872e-12 3.2089 3.4872e-12 3.2089 0.000760 0.356
J2023.6-1140 305.918 -11.6672 12.5 9.3469e-12 3.2086 9.3469e-12 3.2086 0.000760 0.698
J2025.7-0735 306.435 -7.59417 18.3 2.8926e-12 3.1059 2.8926e-12 3.1059 0.001446 1.388
J2035.5+1056 308.875 10.9463 15.4 3.5325e-12 3.2091 3.5325e-12 3.2091 0.000759 0.601
J2039.4+5219 309.867 52.3201 24.7 8.9355e-13 2.4147 8.9355e-13 2.4147 0.002765 0.053
J2040.3-7116 310.08 -71.2753 25.8 1.4805e-12 2.4148 1.4805e-12 2.4148 0.002763 0.162
J2041.9-3734 310.484 -37.5771 49.3 1.6681e-13 1.3685 1.6681e-13 1.3685 0.004064 0.099
J2042.0+2428 310.517 24.4791 30.9 6.3703e-13 1.8076 6.3703e-13 1.8076 0.003228 0.104
J2050.2-2624 312.57 -26.4118 12.0 4.1246e-12 3.2095 4.1246e-12 3.2095 0.000759 1.633
J2055.0+0014 313.753 0.235963 24.2 4.9726e-13 3.1066 4.9726e-13 3.1066 0.001446 0.151
J2055.4-0022 313.855 -0.372881 26.7 7.0754e-13 2.0401 7.0754e-13 2.0401 0.003225 0.440
J2056.2-4713 314.07 -47.2262 16.9 3.8010e-12 3.2091 3.8010e-12 3.2091 0.000759 1.489
J2108.8-0251 317.213 -2.85752 32.1 2.7770e-13 0.9594 2.7770e-13 0.9594 0.004687 0.149
J2115.2+2933 318.821 29.5608 17.0 2.9258e-12 3.2093 2.9258e-12 3.2093 0.000759 1.514
J2116.2+3339 319.061 33.6508 19.0 9.0061e-12 3.1046 9.0061e-12 3.1046 0.001445 1.596
J2118.0-3243 319.502 -32.7245 20.0 9.2056e-13 3.1065 9.2056e-13 3.1065 0.001446 0.215
J2121.0+1901 320.263 19.024 15.1 4.6976e-12 3.2092 4.6976e-12 3.2092 0.000760 2.180
J2131.5-0914 322.881 -9.24737 26.4 1.1775e-12 2.4146 1.1775e-12 2.4146 0.002765 0.449
J2134.2-0152 323.568 -1.87852 19.3 1.3990e-12 2.4149 1.3990e-12 2.4149 0.002766 1.283
J2143.1-3930 325.794 -39.5006 28.6 4.3452e-13 2.4146 4.3452e-13 2.4146 0.002767 0.429
J2143.5+1742 325.899 17.7085 17.9 3.5026e-12 3.1050 3.5026e-12 3.1050 0.001445 0.211
J2145.1-3354 326.298 -33.9115 17.9 1.7388e-12 3.1063 1.7388e-12 3.1063 0.001446 1.360
J2145.8+0718 326.453 7.31404 12.5 3.6873e-12 3.2092 3.6873e-12 3.2092 0.000759 0.237
J2147.3-7535 326.83 -75.5853 16.2 5.2504e-12 3.2087 5.2504e-12 3.2087 0.000760 1.138
J2150.2-1412 327.573 -14.2085 30.8 7.2078e-13 1.7339 7.2078e-13 1.7339 0.003720 0.229
J2157.4+3126 329.356 31.4482 19.0 1.0992e-12 3.1064 1.0992e-12 3.1064 0.001446 1.486
J2158.1-1502 329.541 -15.0418 18.8 1.8543e-12 3.1064 1.8543e-12 3.1064 0.001445 0.672
J2158.8-3013 329.717 -30.2242 18.3 7.4892e-11 2.0206 7.4892e-11 2.0206 0.029970 0.116
J2159.2-2840 329.808 -28.6798 21.9 8.2582e-13 2.4147 8.2582e-13 2.4147 0.002766 0.271
J2202.7+4216 330.693 42.276 18.5 1.8498e-11 3.1987 1.8498e-11 3.1987 0.000761 0.069
J2203.4+1725 330.864 17.4195 16.0 6.1410e-12 3.2088 6.1410e-12 3.2088 0.000760 1.076
J2209.7-0451 332.44 -4.86383 44.0 4.6665e-13 -1.0058 4.6665e-13 -1.0058 0.006802 2.100
J2211.0-0003 332.773 -0.063355 19.8 1.1988e-12 3.2120 1.1988e-12 3.2120 0.000757 0.362
J2216.9+2420 334.232 24.3468 16.4 1.7390e-12 3.2094 1.7390e-12 3.2094 0.000759 0.505
J2219.1+1806 334.791 18.111 19.3 1.3332e-12 2.4154 1.3332e-12 2.4154 0.002765 1.802
J2232.7+1143 338.181 11.7305 13.0 1.2971e-11 3.2084 1.2971e-11 3.2084 0.000760 1.037
J2235.4-4836 338.85 -48.6004 17.4 1.4090e-12 3.1066 1.4090e-12 3.1066 0.001445 0.510
J2236.2-1706 339.069 -17.1142 17.2 1.3513e-12 3.1066 1.3513e-12 3.1066 0.001446 0.647
J2236.3+2826 339.076 28.4483 17.9 2.7277e-12 3.1063 2.7277e-12 3.1063 0.001445 0.790
J2236.5-1433 339.149 -14.5508 17.0 1.1843e-11 3.2073 1.1843e-11 3.2073 0.000760 0.325
J2241.2+4120 340.315 41.3434 13.9 3.2328e-12 3.2092 3.2328e-12 3.2092 0.000759 0.520
J2243.5-2543 340.878 -25.727 17.6 3.0236e-12 3.2092 3.0236e-12 3.2092 0.000759 0.774
J2244.2+4057 341.056 40.9536 16.2 5.4551e-12 3.2088 5.4551e-12 3.2088 0.000760 1.171
J2246.6-5207 341.661 -52.1287 34.6 3.8365e-13 1.5593 3.8365e-13 1.5593 0.003915 0.098
J2247.5-0000 341.889 -0.00934222 18.3 2.1756e-12 2.4147 2.1756e-12 2.4147 0.002766 0.949
J2250.0+3825 342.509 38.4281 40.9 8.7141e-13 1.5699 8.7141e-13 1.5699 0.001718 0.119
J2253.9+1608 343.489 16.148 15.1 7.9200e-11 3.1985 7.9200e-11 3.1985 0.000761 0.859
J2254.9-2724 343.742 -27.4153 31.0 3.5341e-13 1.0810 3.5341e-13 1.0810 0.004434 0.333
J2258.3-2758 344.583 -27.9694 14.4 2.6614e-12 3.2095 2.6614e-12 3.2095 0.000759 0.926
J2258.6-5525 344.672 -55.4217 26.5 3.5849e-13 2.4147 3.5849e-13 2.4147 0.002767 0.479
J2307.7+1451 346.925 14.8662 15.9 1.9869e-12 3.2094 1.9869e-12 3.2094 0.000760 0.503
J2311.0+3426 347.764 34.4357 14.7 5.7005e-12 3.2091 5.7005e-12 3.2091 0.000759 1.817
J2314.0+1445 348.503 14.7544 26.2 1.1521e-12 2.4147 1.1521e-12 2.4147 0.002765 0.164
J2321.8+3204 350.471 32.0749 14.1 6.8687e-12 3.2090 6.8687e-12 3.2090 0.000760 1.489
J2321.9+2735 350.485 27.5845 13.7 3.0226e-12 3.2094 3.0226e-12 3.2094 0.000760 1.253
J2322.4-4222 350.622 -42.3732 27.5 3.8983e-13 1.1667 3.8983e-13 1.1667 0.004414 0.090
J2322.6+3436 350.663 34.6057 30.8 7.3628e-13 1.9088 7.3628e-13 1.9088 0.003396 0.098
J2323.4-0317 350.864 -3.29545 16.7 3.5408e-12 3.2093 3.5408e-12 3.2093 0.000759 1.393
J2323.8+4210 350.971 42.1778 21.2 5.2582e-12 3.1014 5.2582e-12 3.1014 0.001444 0.059
J2324.7-4040 351.184 -40.6829 21.3 3.7911e-12 3.1045 3.7911e-12 3.1045 0.001445 0.174
J2325.4-4759 351.359 -47.9925 19.7 2.3476e-12 3.2058 2.3476e-12 3.2058 0.000760 0.221
J2328.6-4036 352.168 -40.6053 19.1 1.2095e-12 3.1064 1.2095e-12 3.1064 0.001446 1.972
J2329.2+3755 352.31 37.9204 22.0 1.7562e-12 3.1059 1.7562e-12 3.1059 0.001445 0.264
J2329.2-4955 352.312 -49.9272 14.4 2.2922e-11 3.2057 2.2922e-11 3.2057 0.000760 0.518
J2330.6-3725 352.668 -37.4187 14.5 2.0218e-12 2.4147 2.0218e-12 2.4147 0.002766 0.279
J2338.9+2123 354.745 21.3966 23.3 8.9904e-13 2.4146 8.9904e-13 2.4146 0.002766 0.291
J2340.8+8015 355.224 80.2593 21.0 4.5790e-12 3.1017 4.5790e-12 3.1017 0.001444 0.274
J2343.6+3439 355.901 34.6513 24.4 1.0444e-12 2.4146 1.0444e-12 2.4146 0.002766 0.366
J2345.1-1554 356.3 -15.9151 17.0 1.9175e-11 3.2059 1.9175e-11 3.2059 0.000761 0.621
J2346.6+0705 356.673 7.08444 25.3 1.8603e-12 2.4148 1.8603e-12 2.4148 0.002763 0.172
J2347.0+5142 356.769 51.7008 31.4 3.4717e-12 1.7958 3.4717e-12 1.7958 0.001171 0.044
J2347.9-1630 356.998 -16.5106 16.3 3.4494e-12 3.2091 3.4494e-12 3.2091 0.000759 0.576
J2350.5-3006 357.635 -30.107 21.2 1.1208e-12 2.4147 1.1208e-12 2.4147 0.002766 0.224
J2356.2+4035 359.075 40.5985 29.0 4.4938e-13 2.4146 4.4938e-13 2.4146 0.002766 0.131
J2359.1-3038 359.776 -30.6397 21.2 1.6584e-12 3.1063 1.6584e-12 3.1063 0.001446 0.165
J2359.3-2049 359.829 -20.8256 19.0 1.0112e-12 3.1065 1.0112e-12 3.1065 0.001445 0.096
